691
252
159
950
546
328
980
944
37
581
380
786
586
422
408
694
824
553
299
697
975
278
400
181
794
455
370
388
206
185
960
640
905
288
23
511
353
323
321
959
724
886
196
114
961
945
114
394
334
859
95
447
987
199
40
142
564
84
870
774
812
208
643
842
838
116
462
537
654
619
834
381
244
813
979
35
214
258
267
954
915
692
445
264
636
914
689
112
777
622
986
363
316
570
16
346
680
623
391
971
773
330
706
193
322
656
440
557
854
144
33
934
710
967
264
626
329
883
864
682
233
35
536
983
649
833
267
514
763
230
976
427
566
377
68
727
751
557
787
909
767
520
737
891
381
688
96
981
910
212
232
362
426
767
611
880
899
708
28
603
230
148
609
533
323
895
351
157
458
653
503
340
420
838
214
139
404
322
236
92
151
60
422
1
558
289
453
731
87
664
143
53
871
549
895
283
683
318
414
211
754
676
154
770
976
510
271
592
952
515
73
753
200
60
659
431
720
652
215
166
959
851
436
229
223
754
566
385
135
99
174
268
869
652
396
177
730
13
100
926
767
118
904
240
734
793
725
87
620
19
158
577
307
71
702
257
93
619
742
795
587
615
136
349
958
124
227
92
49
747
467
36
830
609
983
715
582
271
552
48
727
986
860
232
804
851
508
134
21
667
226
953
844
642
896
369
352
776
300
268
237
652
59
339
908
809
933
695
383
311
781
133
593
442
785
115
194
168
868
351
295
809
487
138
245
224
863
957
866
329
107
785
65
814
789
18
17
144
461
35
980
265
491
945
316
811
654
919
24
274
562
7
159
376
879
74
298
436
854
559
791
834
953
400
705
228
910
25
70
862
670
342
53
964
801
724
948
824
734
570
207
625
69
957
344
981
164
78
612
265
746
665
202
845
148
745
738
19
299
992
680
367
325
101
325
476
778
523
339
517
395
717
473
819
852
61
570
987
133
190
158
572
86
695
41
657
455
332
213
670
145
23
205
912
676
676
627
720
384
896
804
869
377
606
790
482
80
785
128
751
35
347
178
538
254
686
70
87
225
680
637
944
324
624
998
59
352
111
439
130
294
32
292
986
288
375
624
387
159
116
353
55
559
800
795
945
687
928
500
887
98
635
253
578
731
851
292
174
124
885
263
640
26
669
208
955
273
234
283
428
815
196
824
525
678
195
167
506
707
213
160
528
915
817
234
536
90
962
394
431
807
113
322
604
918
695
526
379
408
487
849
83
269
897
975
550
805
970
912
407
80
909
954
789
295
121
412
918
926
245
180
445
309
348
486
117
240
860
514
741
582
966
934
258
336
780
884
301
931
735
581
50
302
22
243
912
716
419
653
995
412
527
853
384
873
203
124
206
544
117
562
302
375
779
302
250
290
510
438
950
661
356
526
176
520
836
965
206
0
91
100
993
412
463
188
120
431
679
934
627
512
958
465
575
631
892
914
865
488
607
845
35
963
101
202
823
262
412
614
43
54
914
562
816
76
274
220
687
148
345
249
499
233
457
708
131
987
707
55
621
511
936
513
301
629
818
581
867
248
291
675
644
571
658
857
319
337
112
753
604
570
280
162
185
97
194
393
451
363
335
655
840
597
467
263
810
516
528
997
95
733
777
991
580
548
714
733
351
161
697
817
607
728
143
739
750
28
532
557
869
244
514
801
156
316
204
506
169
328
406
964
745
912
442
78
984
908
229
922
338
908
496
789
633
610
505
820
615
220
780
191
7
111
814
593
375
471
115
348
472
366
620
220
221
728
514
323
680
535
603
375
41
649
399
274
92
423
823
779
363
426
916
857
260
625
681
122
88
817
423
698
166
95
801
914
671
135
622
191
580
481
372
151
523
746
832
293
341
272
371
922
117
154
380
460
501
226
370
992
554
538
717
370
551
30
887
120
720
85
481
270
747
567
268
527
77
264
52
580
371
878
214
940
427
995
709
196
667
861
576
58
44
478
745
887
980
683
504
556
126
697
330
643
379
821
637
753
295
972
715
667
716
939
703
901
480
84
428
714
132
795
249
952
465
704
384
847
69
322
681
365
213
895
846
270
240
571
535
489
109
130
321
729
612
615
892
825
966
999
860
846
208
108
297
364
687
535
901
804
922
490
639
54
342
122
288
133
645
778
995
278
825
826
643
637
119
223
432
405
836
457
202
35
443
419
302
467
31
61
199
711
270
849
649
133
615
375
28
903
172
401
370
447
467
146
824
601
472
432
769
507
774
139
529
942
813
413
385
323
118
152
748
931
850
501
626
25
941
992
68
