1
4
6
6
11
11
12
12
13
16
16
18
18
19
20
20
21
21
22
24
24
26
28
29
29
30
30
31
33
33
35
35
37
39
39
39
40
41
41
42
42
42
43
43
43
44
46
46
47
48
49
51
52
54
55
57
57
58
58
59
59
61
61
61
63
66
66
66
68
70
71
71
71
72
73
74
75
76
77
77
77
78
80
80
81
81
81
83
85
85
86
86
87
88
88
90
90
90
91
91
92
93
96
96
96
96
96
97
98
99
102
104
105
107
107
107
108
108
108
111
111
111
112
112
112
113
114
114
114
115
117
118
119
119
120
122
123
126
128
129
130
130
130
131
131
131
133
134
134
134
134
134
136
137
138
138
139
139
139
140
140
141
146
146
147
149
149
149
153
153
155
157
159
160
161
161
162
162
162
163
165
166
168
168
169
169
170
170
171
171
172
172
174
177
177
177
178
178
178
179
181
182
186
187
187
189
189
189
190
191
191
191
191
193
194
194
198
198
199
199
199
201
202
202
202
208
209
209
209
211
212
212
212
213
216
217
217
219
220
221
221
223
225
226
226
227
227
231
231
232
233
235
235
236
239
239
239
239
242
243
244
244
244
245
247
247
249
249
250
250
250
253
255
255
256
257
257
257
257
258
259
259
260
262
263
263
264
264
264
265
266
268
271
271
271
272
273
274
275
275
277
278
283
283
283
285
286
288
290
291
291
292
292
292
294
295
296
297
297
297
299
300
300
300
301
301
303
303
305
307
307
308
310
311
311
312
315
318
320
321
321
322
322
323
323
326
327
327
327
330
331
332
332
333
334
335
335
336
336
337
337
338
338
339
340
341
343
343
344
346
347
348
349
349
350
350
351
351
352
352
352
352
354
355
355
355
356
356
359
359
359
359
359
360
363
366
366
367
369
370
371
372
373
373
375
378
381
381
381
383
383
384
386
386
386
386
387
388
389
389
389
393
393
393
394
395
395
399
400
400
400
401
401
401
401
401
403
403
405
406
408
408
409
412
412
413
413
414
415
416
417
417
419
419
419
419
420
421
423
424
424
425
425
425
425
428
428
429
431
433
434
435
436
437
437
437
438
439
440
442
442
442
443
444
447
448
448
449
450
450
451
452
454
454
455
455
455
456
456
457
457
457
458
458
459
460
461
462
462
462
464
466
466
468
468
468
470
470
471
475
475
475
476
476
477
477
481
482
483
484
486
486
488
488
489
490
490
493
493
493
494
496
497
497
497
499
499
499
499
500
501
502
502
505
505
506
507
507
508
509
510
512
513
518
519
519
520
520
520
521
523
525
525
525
527
527
527
527
529
531
532
533
534
535
536
537
538
540
543
544
544
546
546
546
546
547
547
547
551
555
555
556
560
561
561
562
565
566
568
569
570
571
571
573
573
575
575
576
577
577
578
579
579
580
580
583
583
584
585
587
588
589
589
589
590
590
590
591
592
593
593
593
594
596
597
599
601
601
604
606
610
611
612
615
616
620
621
622
622
623
623
626
626
626
629
633
633
634
634
636
637
639
645
645
646
650
653
653
654
655
658
660
660
662
662
663
664
665
666
670
672
673
673
675
676
678
680
686
687
689
690
690
691
692
693
693
693
693
698
699
699
700
701
701
705
705
706
709
712
713
714
719
720
721
721
721
722
723
724
726
729
730
730
731
732
732
736
737
739
740
742
742
743
743
744
744
745
746
746
749
750
753
754
754
754
754
754
755
755
757
760
762
762
763
765
765
766
766
767
767
768
770
770
771
771
772
775
775
776
777
778
778
778
779
780
781
782
785
785
785
787
787
788
788
788
791
791
791
792
793
794
795
795
795
797
797
800
800
800
801
802
802
806
807
808
808
809
810
812
813
816
817
818
818
818
819
820
821
822
824
826
826
826
828
828
828
829
830
830
831
831
831
833
834
834
835
835
836
836
836
838
838
839
841
842
842
846
846
847
847
848
848
848
849
851
852
852
860
862
862
863
863
864
865
865
865
866
867
868
871
871
872
872
873
873
874
876
879
883
885
886
887
887
888
889
891
892
892
893
895
895
897
898
898
899
899
899
899
900
901
901
901
902
904
904
904
905
907
908
909
909
910
910
913
913
914
915
917
917
918
919
921
922
922
923
926
927
927
929
929
930
931
932
932
934
935
935
936
936
936
937
937
939
940
940
942
944
944
945
945
945
947
950
951
952
952
952
953
956
965
969
970
970
971
972
973
973
977
978
979
980
981
982
982
982
983
983
986
988
990
993
993
993
994
994
996
997
998
999
999
