470
405
596
431
518
172
401
412
178
782
47
905
209
341
350
130
978
343
808
239
250
842
770
910
951
462
778
359
525
165
791
61
579
525
114
757
791
39
800
57
835
778
223
838
449
934
440
475
226
288
283
867
387
264
425
994
177
58
736
742
486
88
956
352
993
389
375
96
740
258
952
556
577
177
438
713
750
403
30
290
347
338
336
311
509
131
119
944
24
826
198
693
263
590
568
108
892
826
546
263
915
255
862
212
350
139
199
497
80
271
531
77
264
162
444
982
170
871
831
494
189
802
873
300
369
979
327
191
83
927
629
475
818
620
339
466
166
213
107
174
170
296
443
18
762
356
488
104
172
371
813
419
573
508
490
93
128
836
481
186
327
153
812
521
81
360
771
244
908
846
971
338
593
935
999
793
245
134
46
476
953
133
406
662
535
399
709
546
130
763
113
70
689
575
356
201
257
672
458
239
887
66
664
260
271
998
611
389
265
828
149
219
155
639
436
66
527
114
571
744
589
323
665
462
227
513
795
51
459
91
389
88
437
81
18
419
571
932
447
898
162
297
729
767
952
363
538
842
421
942
394
775
795
831
221
297
322
493
772
171
208
209
37
366
42
259
589
760
848
255
965
275
232
96
256
112
797
118
212
873
352
477
742
292
6
468
616
612
755
307
4
349
562
419
13
565
401
91
171
637
323
927
318
456
134
90
754
546
462
982
834
482
785
693
935
169
283
194
591
929
794
544
610
838
686
994
587
442
569
330
945
225
520
149
448
809
12
6
337
40
46
249
829
198
413
519
359
676
471
310
68
233
835
415
687
352
770
367
693
510
755
900
266
893
257
153
868
335
370
899
28
865
876
836
129
191
24
275
417
791
352
585
416
216
533
801
85
412
193
235
848
226
22
555
386
220
800
909
29
262
577
455
161
851
244
77
936
766
191
247
211
373
442
909
111
895
918
97
401
80
162
136
181
768
11
419
601
818
520
20
359
673
274
433
470
536
645
408
55
821
721
899
378
114
395
730
970
454
730
383
178
54
892
111
836
351
77
732
785
437
547
99
159
381
273
724
335
236
191
117
566
39
929
59
139
529
294
102
212
160
35
76
862
777
460
477
898
847
461
767
264
939
123
597
384
885
428
41
895
849
303
887
828
583
901
87
16
590
754
839
300
134
107
131
993
63
366
888
332
497
33
259
604
547
532
189
334
149
490
321
424
936
771
551
570
988
244
579
202
626
182
914
425
950
785
746
90
700
257
140
21
292
388
904
662
48
601
386
673
865
450
831
42
505
43
168
997
455
828
525
66
81
413
373
919
71
141
646
588
719
512
932
816
291
96
486
523
475
112
199
301
653
923
29
866
788
178
393
476
235
332
16
295
913
403
86
520
519
321
623
423
58
886
634
693
497
337
202
944
43
386
583
74
239
731
96
161
824
130
952
778
355
590
126
189
187
137
499
458
138
834
311
848
507
547
489
119
21
645
139
499
897
408
448
891
701
134
792
830
902
20
680
860
349
863
945
819
383
303
743
808
746
92
425
621
340
138
401
354
71
864
780
90
417
690
930
573
931
199
543
381
841
901
105
72
980
560
926
705
986
810
59
754
35
749
85
807
98
409
633
852
434
705
359
157
833
692
737
493
972
331
301
43
852
658
247
253
675
626
615
147
179
299
806
990
633
466
239
308
589
678
168
190
333
775
993
86
454
593
947
484
690
11
285
107
428
779
131
271
217
599
561
450
227
202
691
726
327
982
122
753
722
57
242
973
527
879
435
983
506
973
307
936
250
315
291
499
108
355
457
381
268
999
31
910
788
701
468
739
623
606
889
917
386
940
169
969
863
537
312
359
802
698
496
593
830
865
921
163
217
78
847
322
622
578
33
945
826
922
277
534
452
874
904
723
584
580
937
326
300
451
61
395
721
257
913
776
488
788
527
351
249
666
439
970
996
787
305
346
754
12
670
177
464
442
39
420
493
744
134
400
286
348
283
507
576
336
112
468
483
73
30
194
75
899
594
437
502
622
546
800
544
41
231
654
762
499
19
115
745
721
272
636
977
278
907
660
634
221
26
922
108
795
883
797
320
250
344
871
872
817
424
61
501
140
146
502
540
231
626
505
787
500
820
146
209
44
243
355
52
561
846
650
401
429
732
372
822
765
457
937
457
96
71
187
414
699
592
49
400
940
714
393
120
653
766
292
655
917
400
456
297
754
720
660
904
580
575
818
981
765
872
712
781
425
393
111
983
706
455
901
555
899
699
42
1
743
663
343
527
