2
4
6
6
7
10
10
11
13
15
16
18
20
21
21
23
23
23
27
29
29
33
34
35
35
37
38
39
47
47
47
47
49
50
51
52
53
55
56
56
57
57
60
60
60
60
61
62
62
63
63
63
65
65
67
67
68
69
69
69
70
74
75
75
76
77
77
77
78
81
82
83
83
84
85
85
93
94
94
94
94
95
96
98
98
99
100
101
101
101
103
104
106
106
108
109
110
113
115
117
120
121
123
125
126
127
128
128
130
132
133
133
133
134
135
135
136
136
136
136
138
138
138
139
139
140
145
146
147
148
148
148
148
149
150
151
151
152
153
155
155
155
156
158
159
160
161
163
164
165
166
166
166
167
167
169
170
170
172
175
175
176
176
176
177
178
179
180
180
183
184
185
185
185
186
186
188
188
190
190
192
192
193
194
195
196
198
200
201
201
202
202
202
204
205
206
206
208
208
209
210
210
210
211
212
212
218
218
219
220
220
222
222
222
222
223
224
224
225
227
230
231
232
232
232
233
233
233
234
234
235
236
236
237
238
239
240
240
240
240
241
243
246
247
248
249
250
250
252
256
257
259
260
261
261
262
263
263
264
264
266
266
267
267
267
267
269
269
270
271
271
271
271
272
273
273
273
274
274
276
277
277
277
277
278
279
279
279
280
282
284
285
286
287
288
289
289
289
289
290
290
291
293
293
294
295
295
296
298
299
300
301
302
302
303
303
305
306
307
308
308
310
311
311
313
313
314
314
316
318
319
319
320
321
321
322
322
325
327
327
328
330
330
331
332
333
333
333
334
335
335
335
336
338
339
340
341
341
341
341
342
342
343
344
345
345
348
349
350
350
350
351
352
353
354
354
355
356
356
358
359
362
363
363
364
368
370
371
372
373
373
374
376
376
377
378
378
380
381
382
383
384
384
385
385
385
387
388
388
389
389
390
392
393
393
394
395
396
397
397
399
399
402
404
405
406
406
406
407
408
409
412
412
412
412
413
413
414
414
415
417
417
417
419
420
420
421
421
424
424
424
425
427
429
429
429
430
431
432
433
434
436
436
438
440
442
443
443
443
444
445
446
447
447
447
448
449
449
449
449
449
450
451
452
452
454
456
458
458
458
458
462
462
463
464
465
467
470
474
474
477
477
477
478
479
479
481
482
482
482
483
487
488
488
492
492
492
493
494
495
496
496
497
500
501
502
503
505
505
509
510
510
512
514
514
517
517
517
518
518
518
520
523
524
525
526
528
528
529
529
530
531
533
533
534
534
535
537
539
539
540
541
545
545
545
546
547
549
549
551
551
555
556
556
556
558
558
560
561
562
562
563
563
564
565
565
566
567
567
570
570
570
570
570
570
572
572
572
574
575
575
577
577
578
578
579
579
580
581
582
582
582
583
585
585
586
587
587
588
590
591
592
598
603
604
605
607
607
609
611
613
614
614
615
616
617
620
620
620
620
620
622
624
625
625
626
626
627
627
630
632
633
634
635
636
637
637
637
638
639
639
640
640
640
641
641
645
646
646
647
647
649
650
650
651
653
654
655
655
655
657
657
657
657
658
660
660
661
662
663
665
665
666
667
668
671
673
675
676
676
678
678
678
678
679
679
681
684
684
684
685
688
688
691
691
692
692
694
702
703
704
705
706
707
708
708
709
711
712
712
712
713
714
716
716
717
717
718
719
719
720
720
721
722
725
725
727
730
731
736
737
738
741
741
741
742
742
742
743
745
746
747
747
748
748
749
750
751
752
754
756
756
759
760
760
760
761
762
764
765
771
772
773
774
774
774
778
779
779
780
781
782
783
785
785
785
787
789
790
793
793
796
800
800
801
802
803
803
803
803
803
803
805
805
807
807
810
810
811
814
815
819
819
820
823
823
826
826
827
828
830
831
832
832
832
833
837
838
838
839
840
840
840
843
844
844
844
844
845
846
848
849
851
853
855
855
857
858
858
859
861
862
862
862
863
865
867
867
868
869
869
870
870
871
871
873
874
874
875
875
877
879
881
884
884
885
888
889
890
890
891
891
892
894
895
895
895
895
897
899
902
902
903
903
906
907
912
912
913
913
914
914
916
917
921
921
921
922
923
923
925
925
925
926
926
927
927
927
928
929
930
932
932
933
934
934
934
935
936
936
937
938
940
941
941
942
942
943
943
944
946
947
947
948
948
948
949
949
949
951
954
955
955
956
956
956
956
958
958
960
960
960
961
961
962
966
968
968
968
970
970
976
977
979
980
981
985
988
988
988
989
989
990
993
993
996
997
998
999
999
