249
865
720
53
806
702
219
80
653
705
98
867
321
292
960
165
555
574
772
409
922
929
523
652
57
18
516
706
668
872
351
954
849
295
597
679
444
306
974
935
725
11
560
423
150
956
353
297
964
776
397
896
308
580
96
695
237
995
894
533
864
572
876
154
219
475
303
101
368
31
415
378
212
415
144
809
499
705
488
868
266
174
729
783
839
879
913
174
764
378
603
370
725
971
35
989
954
59
831
898
509
939
505
798
198
969
290
332
229
129
370
900
220
277
678
763
887
75
372
186
425
408
448
985
279
508
791
655
137
831
75
413
932
806
13
872
154
321
573
255
331
833
301
521
73
41
743
635
446
442
806
490
30
649
290
39
321
581
365
269
310
780
208
552
790
932
771
793
562
943
852
9
709
466
487
221
459
717
418
969
190
134
678
8
959
484
672
935
788
0
738
208
470
316
36
865
867
398
880
352
961
331
585
606
366
288
979
723
45
416
993
434
377
452
105
343
608
925
242
566
345
516
669
211
122
557
370
895
155
377
722
905
911
900
214
828
771
710
819
962
954
336
243
737
775
481
836
865
143
523
271
150
11
577
641
757
855
525
894
728
901
964
699
139
944
259
584
118
477
216
301
676
212
565
781
720
144
714
566
980
859
883
530
911
329
669
829
714
626
229
407
787
800
908
169
414
330
958
484
957
369
241
431
556
347
601
681
562
427
720
980
70
193
233
716
832
337
312
134
138
168
172
856
496
160
855
270
247
965
821
215
599
966
337
999
811
166
931
538
626
341
677
647
782
8
979
917
541
382
9
756
121
977
89
345
661
51
415
444
452
483
219
791
607
526
658
848
114
531
821
708
611
186
214
749
686
924
431
31
342
423
481
181
430
796
95
805
788
525
617
13
81
200
543
801
873
481
688
153
231
790
649
208
548
640
37
541
709
522
917
160
148
355
924
423
990
705
194
347
898
872
457
510
562
122
942
412
404
278
139
527
695
944
485
966
272
549
853
164
376
947
227
794
221
150
381
674
964
698
265
606
194
178
96
536
14
483
396
618
641
747
2
663
843
870
255
995
309
311
608
843
906
780
782
294
485
70
550
652
926
442
242
481
667
359
164
57
525
783
300
937
326
367
915
652
285
239
937
339
809
243
647
731
613
56
699
498
973
977
738
888
831
4
771
570
437
494
890
625
562
339
398
506
944
224
880
253
143
389
270
996
502
234
184
430
340
566
29
194
199
811
304
288
711
742
945
980
77
324
544
437
562
832
278
32
657
626
790
597
878
705
805
877
281
473
532
130
655
88
101
19
205
197
658
605
722
218
867
590
832
635
216
441
64
746
197
292
800
521
521
834
395
869
536
167
154
167
901
764
993
211
688
251
243
97
297
257
164
709
843
152
138
565
885
703
887
680
185
142
61
953
289
990
192
428
156
899
830
456
202
553
451
644
321
162
760
113
287
925
443
980
686
536
961
157
167
683
97
896
514
495
992
92
275
407
653
287
254
40
561
894
598
5
747
133
445
303
704
170
596
635
354
381
711
178
52
295
285
219
657
829
703
632
992
534
589
443
722
628
211
289
354
867
133
361
50
493
44
864
974
176
290
687
840
232
155
833
578
817
612
299
166
363
7
317
797
407
623
211
306
820
671
979
986
71
674
797
931
859
778
553
716
373
633
389
321
382
366
931
848
666
307
738
385
255
413
33
61
7
962
223
995
395
85
592
613
166
955
991
308
1
174
10
239
288
502
518
41
464
834
309
881
351
769
512
966
555
267
488
918
244
534
322
442
105
520
433
158
242
53
185
784
183
362
128
139
744
31
387
949
725
776
158
25
841
55
896
852
961
601
174
809
609
554
539
684
407
90
162
444
810
401
526
822
171
683
70
841
548
929
189
973
916
954
127
568
98
228
630
722
419
99
616
62
843
205
223
700
207
357
760
452
146
290
869
505
847
101
485
438
519
83
436
494
249
345
937
853
15
824
244
581
720
797
136
681
903
347
360
898
359
835
408
669
983
951
741
165
469
356
88
235
853
436
217
526
540
915
357
267
141
863
963
877
26
258
453
729
430
533
465
746
482
184
258
893
416
946
214
619
990
425
254
384
810
470
3
472
651
454
379
798
626
989
295
475
603
352
927
220
752
332
164
907
389
321
643
592
490
164
422
326
177
535
787
768
800
898
374
926
26
297
874
900
264
774
240
316
147
788
763
534
163
428
871
366
307
289
985
404
460
142
772
165
270
457
577
659
519
771
43
300
641
573
280
184
18
710
154
526
