55
123
809
533
532
383
215
985
767
529
787
103
809
674
136
283
560
501
773
981
131
658
566
102
769
485
664
149
106
798
659
207
35
746
191
312
453
622
899
72
254
345
802
189
309
441
792
225
59
552
436
817
550
762
131
549
113
729
185
131
688
846
36
846
959
763
724
241
582
138
758
384
840
787
69
813
114
616
776
735
685
885
106
321
109
439
767
177
45
654
427
807
422
490
143
627
13
360
866
274
579
505
184
205
436
620
834
924
28
931
912
879
89
349
735
421
16
792
836
660
180
602
517
205
33
972
884
689
765
619
145
490
498
696
375
758
11
762
807
321
973
747
104
163
963
569
977
722
742
414
120
875
391
663
667
278
1
675
103
58
639
316
738
385
704
912
60
123
683
861
745
798
724
118
466
687
560
805
538
383
667
745
238
654
906
434
478
192
79
522
320
204
950
628
81
169
168
616
808
593
569
141
476
819
631
501
122
93
42
282
579
19
238
494
351
869
897
172
243
669
718
611
827
713
532
107
548
414
477
187
206
751
592
276
582
199
869
516
252
156
737
93
943
428
616
913
834
314
731
693
189
68
700
356
723
319
588
702
195
401
853
765
521
990
60
366
96
827
936
396
376
229
990
425
404
26
107
210
171
268
810
518
179
705
166
761
229
679
53
385
865
498
594
103
916
786
930
825
182
303
48
209
585
561
869
570
979
878
374
273
9
998
344
239
786
44
34
53
689
15
903
622
209
693
583
732
202
328
689
138
475
1
374
435
841
690
267
774
286
981
457
535
697
902
633
210
354
27
495
208
69
290
413
448
571
147
199
83
541
276
612
387
852
575
149
673
429
336
695
177
555
63
256
356
273
235
291
451
331
941
37
124
324
62
74
250
135
376
993
181
329
132
543
874
988
196
938
211
43
540
335
633
466
761
515
816
694
972
795
274
681
950
635
403
201
316
43
78
696
744
57
935
18
975
912
326
201
497
454
312
802
603
898
30
665
582
563
702
889
732
301
13
961
733
758
141
919
793
930
805
276
489
30
210
410
157
276
669
303
387
455
12
956
588
634
389
329
936
939
45
219
812
573
815
529
923
721
812
509
769
872
922
198
226
646
385
246
516
817
251
583
752
621
764
791
797
60
621
93
3
466
28
356
764
999
678
101
520
965
349
35
654
213
559
207
295
615
289
143
164
262
628
152
441
924
928
255
49
740
830
905
866
861
843
641
480
813
828
470
841
895
76
119
825
43
536
784
695
540
661
643
260
105
590
848
508
291
554
412
327
988
606
383
988
11
445
458
672
448
39
361
679
142
577
363
351
280
495
413
746
108
993
418
894
309
540
444
360
55
685
737
551
194
832
6
453
973
596
849
752
744
515
671
228
894
892
174
765
363
926
470
665
170
318
622
995
384
523
786
263
480
338
566
65
578
310
990
186
235
484
353
422
736
173
934
487
416
723
698
695
78
817
487
763
224
588
835
299
83
103
580
379
998
658
412
512
583
731
779
747
982
266
681
482
698
90
311
809
516
900
204
986
210
733
140
389
658
357
231
63
157
267
904
666
394
939
360
368
274
941
929
13
408
220
302
675
811
747
452
974
207
264
515
363
2
980
642
943
336
177
454
269
284
800
304
457
718
229
437
445
5
431
55
69
422
395
579
308
288
401
596
862
25
803
892
500
261
933
297
513
683
431
191
535
582
867
716
366
190
873
827
814
459
210
532
96
673
409
344
45
748
132
197
944
185
428
178
18
783
104
180
46
308
4
149
422
313
710
204
849
541
343
94
430
433
487
337
588
321
891
70
766
134
109
693
689
753
409
647
520
781
387
606
222
332
510
20
338
774
190
208
201
925
233
292
115
304
620
216
331
678
820
152
592
544
502
529
358
397
39
550
64
554
30
920
91
706
781
301
523
878
993
21
911
276
646
83
647
854
517
367
786
532
601
994
894
310
810
28
353
234
269
846
577
320
628
257
854
740
658
757
864
970
771
152
757
586
784
343
264
838
403
609
27
439
838
147
590
884
128
476
362
554
124
255
359
429
296
584
491
802
724
576
981
292
378
824
931
328
380
527
594
676
949
175
27
224
1
551
858
61
582
992
752
8
428
36
999
951
647
293
170
951
289
365
217
305
102
649
149
219
150
208
202
247
347
996
702
542
187
755
401
518
519
130
862
246
885
105
243
983
458
326
846
611
960
475
870
963
665
945
297
594
461
377
599
468
213
8
529
338
289
58
411
949
934
340
569
572
93
404
863
484
608
440
835
197
280
987
982
