1
1
1
2
3
4
5
6
8
8
9
11
11
12
13
13
13
15
16
18
18
19
20
21
25
26
27
27
27
28
28
28
30
30
30
33
34
35
35
36
36
37
39
39
42
43
43
43
44
45
45
45
46
48
49
53
53
55
55
55
57
58
58
59
60
60
60
61
62
63
63
64
65
68
69
69
69
70
72
74
76
78
78
79
81
83
83
83
89
90
91
93
93
93
93
94
96
96
101
102
102
103
103
103
103
104
104
105
105
106
106
107
107
108
109
109
113
114
115
118
119
120
122
123
123
124
124
128
130
131
131
131
132
132
134
135
136
138
138
140
141
141
142
143
143
145
147
147
149
149
149
149
150
152
152
152
156
157
157
163
164
166
168
169
170
170
171
172
173
174
175
177
177
177
178
179
180
180
181
182
184
185
185
186
187
187
189
189
190
190
191
191
192
194
195
196
197
197
198
199
199
201
201
201
202
202
204
204
204
205
205
206
207
207
207
208
208
208
209
209
210
210
210
210
210
211
213
213
215
216
217
219
219
220
222
224
224
225
226
228
229
229
229
231
233
234
235
235
238
238
239
241
243
243
246
246
247
250
251
252
254
255
255
256
257
260
261
262
263
264
264
266
267
267
268
269
269
273
273
274
274
274
276
276
276
276
276
278
280
280
282
283
284
286
288
289
289
289
290
291
291
292
292
293
295
296
297
297
299
301
301
302
303
303
304
304
305
308
308
309
309
310
310
311
312
312
313
314
316
316
318
319
320
320
321
321
321
324
326
326
327
328
328
329
329
331
331
332
335
336
336
337
338
338
338
340
343
343
344
344
345
347
349
349
351
351
353
353
354
356
356
356
357
358
359
360
360
360
361
362
363
363
363
365
366
366
367
368
374
374
375
376
376
377
378
379
380
383
383
383
384
384
385
385
385
387
387
387
389
389
391
394
395
396
397
401
401
401
403
403
404
404
408
409
409
410
411
412
412
413
413
414
414
416
418
421
422
422
422
422
425
427
428
428
428
429
429
430
431
431
433
434
435
436
436
437
439
439
440
441
441
444
445
445
448
448
451
452
453
453
454
454
455
457
457
458
458
459
461
466
466
466
468
470
470
475
475
476
476
477
478
480
480
482
484
484
485
487
487
487
489
490
490
491
494
495
495
497
498
498
500
501
501
502
505
508
509
510
512
513
515
515
515
516
516
516
517
517
518
518
519
520
520
521
522
523
523
527
529
529
529
529
532
532
532
532
533
535
535
536
538
540
540
540
541
541
542
543
544
548
549
550
550
551
551
552
554
554
554
555
559
560
560
561
563
566
566
569
569
569
570
571
572
573
575
576
577
577
578
579
579
579
580
582
582
582
582
582
583
583
583
584
585
586
588
588
588
588
590
590
592
592
593
594
594
594
596
596
599
601
602
603
606
606
608
609
611
611
612
615
616
616
616
619
620
620
621
621
622
622
622
627
628
628
628
631
633
633
634
635
639
641
642
643
646
646
647
647
647
649
654
654
654
658
658
658
658
659
660
661
663
664
665
665
665
666
667
667
669
669
671
672
673
673
674
675
675
676
678
678
679
679
681
681
683
683
685
685
687
688
689
689
689
689
690
693
693
693
694
695
695
695
696
696
697
698
698
700
702
702
702
704
705
706
710
713
716
718
718
721
722
723
723
724
724
724
729
731
731
732
732
733
733
735
735
736
737
737
738
740
740
742
744
744
745
745
746
746
747
747
747
748
751
752
752
752
753
755
757
757
758
758
758
761
761
762
762
763
763
764
764
765
765
765
766
767
767
769
769
771
773
774
774
776
779
781
781
783
784
784
786
786
786
786
787
787
791
792
792
793
795
797
798
798
800
802
802
802
803
805
805
807
807
808
809
809
809
810
810
811
812
812
813
813
814
815
816
817
817
817
819
820
824
825
825
827
827
827
828
830
832
834
834
835
835
836
838
838
840
841
841
843
846
846
846
846
848
849
849
852
853
854
854
858
861
861
862
862
863
864
865
866
866
867
869
869
869
870
872
873
874
875
878
878
879
884
884
885
885
889
891
892
892
894
894
894
895
897
898
899
900
902
903
904
905
906
911
912
912
912
913
916
919
920
922
923
924
924
925
926
928
929
930
930
931
931
933
934
934
935
936
936
938
939
939
941
941
943
943
944
945
949
949
950
950
951
951
956
959
960
961
963
963
965
970
972
972
973
973
974
975
977
979
980
981
981
981
982
982
983
985
986
987
988
988
988
990
990
990
992
993
993
993
994
995
996
998
998
999
999
