0
0
1
1
1
5
7
9
9
10
11
11
12
13
13
14
14
14
16
17
17
18
20
20
21
21
22
23
24
24
27
27
29
29
29
30
30
30
30
30
31
32
32
34
35
36
36
38
38
40
40
42
43
43
43
43
43
45
45
46
48
48
49
49
50
50
52
53
54
54
55
55
58
58
60
61
62
62
63
63
64
64
66
67
67
67
67
69
69
71
71
71
72
72
73
73
75
77
77
79
80
81
83
84
86
87
87
88
89
89
89
92
92
92
94
94
97
98
99
100
101
102
102
105
106
107
108
108
108
108
108
110
110
110
114
116
117
117
119
120
121
121
121
126
126
127
131
132
132
133
134
134
135
136
137
137
139
140
141
141
143
145
145
146
146
147
147
148
148
148
149
149
151
153
153
154
154
154
157
158
159
160
160
160
161
161
162
164
164
164
165
165
165
167
170
170
172
173
173
173
174
174
175
176
180
180
181
181
181
183
185
188
189
190
191
192
193
193
195
197
200
201
202
203
203
204
206
207
207
212
213
215
216
218
218
218
220
221
221
222
222
224
225
225
225
226
226
228
228
228
229
229
230
232
233
239
241
241
241
242
242
242
244
244
246
247
248
248
249
249
250
252
253
254
254
255
256
256
257
257
258
259
259
260
261
265
267
268
270
271
271
273
274
274
274
275
276
277
279
279
281
281
282
282
283
283
286
286
286
286
286
286
286
287
288
289
291
292
292
292
293
293
295
295
296
298
298
299
299
299
300
301
302
303
304
304
308
309
309
309
309
310
311
311
311
313
314
314
314
314
314
315
316
317
319
323
324
326
327
329
330
330
331
335
335
336
337
337
339
341
343
343
345
346
347
347
348
349
350
350
350
351
351
352
356
357
359
361
364
365
366
366
366
367
368
370
371
371
371
372
372
372
372
375
375
377
377
380
380
382
383
384
385
388
389
390
390
393
394
394
395
396
397
397
397
398
400
401
401
401
404
406
408
409
412
412
412
413
414
414
415
415
416
416
420
421
422
424
424
425
426
427
427
428
430
432
433
434
435
435
436
437
438
439
443
444
445
445
448
448
449
449
450
450
451
451
452
452
452
452
454
454
455
455
456
459
460
460
462
462
465
466
466
466
468
469
470
473
475
477
477
478
479
479
481
482
483
483
485
485
487
487
488
488
489
490
491
493
495
496
497
498
498
499
500
500
500
501
504
505
508
508
508
509
509
510
511
514
514
516
519
522
522
523
524
525
525
527
527
528
528
529
530
531
535
535
537
537
539
539
539
539
546
546
547
549
550
550
551
551
552
553
554
554
555
555
556
556
557
558
558
561
561
561
563
565
566
566
566
567
567
568
568
568
569
569
570
573
574
575
576
576
577
579
582
585
585
585
585
585
587
591
592
592
592
593
594
596
596
596
598
600
602
602
602
603
604
606
607
608
609
611
611
611
611
611
613
613
614
616
617
617
617
618
622
622
625
626
628
629
631
632
633
633
634
635
640
642
644
644
645
645
645
646
648
650
654
654
656
656
657
657
658
659
660
660
660
662
662
662
664
664
666
667
667
667
668
668
669
673
675
676
677
677
677
678
678
679
679
680
681
685
685
687
687
688
691
693
695
696
696
696
698
698
699
701
702
704
705
706
707
709
709
710
711
711
715
715
715
715
720
721
721
723
724
725
726
727
727
727
729
729
730
731
733
739
739
739
740
751
752
756
757
758
761
761
763
763
766
767
769
770
771
771
771
772
772
773
776
777
778
778
779
780
780
781
781
782
782
783
784
785
786
786
786
788
788
793
794
794
795
795
801
802
803
804
805
806
806
807
808
808
810
810
813
813
814
816
816
817
818
819
819
820
820
821
822
823
824
824
826
827
828
828
828
829
833
833
834
835
837
837
838
838
839
839
840
840
840
840
840
841
841
843
844
845
845
846
846
846
847
849
851
852
852
853
853
854
854
854
855
860
860
862
863
863
864
864
865
866
868
870
870
871
871
871
871
873
875
879
880
883
885
885
887
887
888
888
890
892
892
893
894
895
896
896
897
898
899
902
902
903
904
907
907
907
908
908
908
910
910
912
914
914
916
916
917
917
918
918
919
921
923
924
924
924
924
925
928
928
928
929
929
929
929
931
932
932
935
935
936
937
937
938
940
940
943
943
944
945
950
952
952
954
955
955
956
957
957
957
958
958
958
961
961
962
963
964
965
965
965
968
969
972
973
973
975
975
977
977
977
978
980
981
981
982
985
986
986
987
987
988
990
990
991
994
995
995
998
999
