388
781
2
523
901
118
113
945
299
264
727
282
466
232
942
852
544
627
848
193
721
860
575
817
89
937
858
45
681
741
626
384
551
2
144
178
499
215
757
109
797
258
717
776
145
189
929
673
928
814
775
378
562
239
211
940
285
930
258
685
634
307
856
30
666
404
132
647
477
202
316
834
506
130
940
748
86
309
624
180
657
966
199
646
121
394
601
386
689
848
817
819
187
12
209
175
583
139
362
908
900
341
564
616
602
403
347
395
882
98
688
946
653
324
882
592
883
388
973
711
778
817
590
256
392
686
849
341
387
77
886
514
705
897
53
802
957
650
125
66
41
271
868
928
208
289
133
730
909
845
868
232
523
789
103
991
91
589
159
198
679
744
488
206
909
489
380
316
123
133
439
125
979
919
503
17
214
269
62
238
597
336
832
594
497
731
41
381
473
544
864
599
956
391
937
372
257
642
489
901
45
886
503
933
771
707
791
59
735
497
608
500
654
631
450
159
658
419
243
792
573
32
514
260
401
299
386
224
508
560
476
630
173
69
125
267
634
919
882
803
662
903
847
678
87
406
708
456
141
38
289
548
392
574
222
437
901
818
711
119
314
846
965
348
940
480
375
64
769
708
686
177
675
630
220
335
359
51
725
222
248
83
487
336
4
637
988
372
52
569
431
306
462
451
383
853
109
799
349
42
335
455
910
639
122
708
524
168
254
892
764
653
833
34
433
187
233
518
509
329
396
34
622
184
860
649
718
720
784
673
11
844
514
766
636
154
405
374
975
783
588
18
849
204
428
557
873
52
200
573
765
217
137
387
430
482
54
686
183
554
45
66
334
810
343
952
677
905
739
996
301
425
730
545
190
714
675
929
107
812
796
378
568
486
922
952
984
400
894
917
886
542
559
928
829
22
252
944
913
784
899
948
342
892
525
680
374
715
19
320
126
766
653
373
515
801
220
16
880
361
677
79
668
92
363
557
468
556
552
709
104
291
561
354
943
696
557
860
107
347
727
406
522
872
775
17
157
490
431
18
324
836
383
729
722
513
949
400
730
243
621
215
431
513
917
291
824
8
393
270
699
195
553
447
647
750
748
27
915
461
599
599
140
128
487
706
0
214
36
372
672
118
380
296
747
795
41
130
768
749
160
631
897
732
191
815
513
895
377
188
165
851
207
866
491
550
412
986
521
224
171
534
396
300
373
389
719
994
666
947
415
474
811
602
457
144
159
534
221
400
437
363
658
796
161
981
130
254
545
161
523
795
25
531
219
598
799
873
766
87
0
367
688
323
950
381
678
519
654
304
217
435
78
350
898
760
718
602
536
996
181
499
980
522
267
696
967
230
906
254
576
208
904
892
337
472
352
757
112
966
947
779
940
426
617
34
980
674
269
789
173
198
59
652
105
507
859
421
465
539
789
85
24
361
282
649
391
578
464
724
650
752
498
7
723
369
575
227
220
816
374
716
834
874
24
196
41
305
547
767
266
742
479
829
536
271
639
774
781
800
72
607
868
148
303
459
910
229
954
688
944
222
328
611
495
928
0
279
543
47
718
175
526
768
897
985
510
223
772
993
249
479
862
983
920
803
26
894
951
177
732
481
735
460
648
133
523
224
707
467
894
37
495
119
418
54
846
963
83
354
783
754
599
196
654
766
738
27
502
245
532
447
242
139
747
588
937
249
726
733
676
361
980
228
250
866
561
86
54
290
873
661
121
983
2
621
275
324
117
290
467
808
554
56
695
157
671
513
857
22
446
839
115
4
195
224
78
782
822
584
158
186
666
254
240
174
293
49
503
494
908
551
598
359
519
492
903
730
759
879
103
559
483
566
332
85
322
882
67
933
293
93
18
749
686
238
28
201
927
316
422
819
488
67
342
956
896
565
513
402
598
486
220
217
217
216
821
970
959
489
680
406
421
873
710
504
172
632
842
291
799
591
852
102
815
416
268
253
955
495
659
213
433
108
821
706
546
912
666
994
619
57
795
265
485
496
836
449
15
434
543
116
872
528
29
327
125
271
42
343
579
714
613
264
333
665
463
863
194
42
207
39
87
462
735
784
322
779
362
562
421
348
194
213
339
316
283
881
364
775
686
853
758
504
633
896
86
953
260
394
320
363
995
239
851
462
428
565
997
559
385
615
335
441
26
141
543
673
132
183
401
958
679
735
261
552
70
720
636
519
951
992
249
179
719
529
834
642
986
772
115
709
293
461
80
782
346
457
536
777
904
321
137
16
800
110
662
620
416
681
410
214
816
926
374
240
748
59
989
53
