0
1
7
7
13
16
17
18
19
19
21
22
23
23
24
25
25
26
28
28
28
30
31
32
33
35
35
35
35
35
35
36
37
40
41
41
43
44
48
49
50
52
53
53
54
54
55
55
58
59
59
60
60
61
61
65
68
68
69
69
70
70
71
73
74
76
77
78
78
80
80
83
84
84
85
86
87
87
87
88
90
91
92
92
92
93
95
95
95
96
97
98
99
100
100
101
101
107
108
109
111
111
112
112
113
114
114
115
115
116
116
117
117
117
118
118
119
120
120
121
122
122
124
124
124
126
128
130
130
131
132
133
133
133
133
134
135
135
136
138
139
139
142
143
143
144
144
145
146
148
148
148
151
151
152
154
154
156
157
158
158
159
159
159
160
161
162
164
166
166
167
168
169
172
174
174
176
177
178
180
181
185
185
188
190
191
191
193
194
194
195
196
196
196
199
199
200
202
202
202
203
204
205
206
206
206
207
208
208
208
211
212
213
213
213
214
214
214
215
220
220
220
221
223
223
224
225
226
226
227
228
229
229
230
230
232
232
233
233
234
234
236
237
240
240
240
243
244
244
245
245
248
249
249
250
252
253
254
257
258
258
260
262
263
263
264
264
264
265
265
267
267
268
268
268
269
270
270
270
271
271
272
273
274
274
274
278
278
280
283
283
288
288
288
289
290
291
292
292
293
294
295
295
295
297
298
299
299
300
301
301
302
302
302
302
307
309
311
316
316
316
318
319
321
321
322
322
322
322
323
323
323
323
324
325
325
328
328
329
329
330
330
332
334
335
336
337
338
339
339
340
341
342
342
344
345
346
347
348
348
349
351
351
351
352
352
353
353
356
362
363
363
363
364
365
366
367
369
370
370
370
370
371
371
372
375
375
375
375
375
376
377
377
379
379
380
380
381
381
383
384
384
384
385
385
387
388
391
393
394
394
395
396
399
400
400
401
404
405
406
407
408
408
412
412
412
412
413
414
419
419
420
422
422
423
423
426
426
427
427
428
428
431
431
431
432
432
436
436
438
439
440
442
442
443
445
445
447
447
451
453
455
455
457
457
458
460
461
462
463
465
465
467
467
467
467
471
472
472
473
476
478
480
481
481
482
486
487
487
488
489
490
491
496
499
500
501
501
503
504
505
506
506
507
508
510
510
511
511
512
513
514
514
514
514
515
516
517
520
520
523
523
525
526
526
527
527
528
528
529
532
533
535
535
535
536
536
537
538
538
544
546
548
549
550
551
552
553
554
556
557
557
557
558
559
559
562
562
562
564
566
566
567
570
570
570
570
571
571
572
575
576
577
578
580
580
580
581
581
581
582
582
586
587
592
593
593
597
601
603
603
604
604
606
607
607
609
609
610
611
612
612
614
615
615
615
615
619
619
620
620
621
622
622
623
624
624
625
625
626
626
627
627
629
631
633
635
636
637
637
637
639
640
640
642
643
643
643
644
645
649
649
649
652
652
652
653
653
654
654
655
656
657
658
659
661
664
665
667
667
667
669
670
670
671
675
676
676
676
678
679
680
680
680
680
681
681
682
683
683
686
687
687
687
688
689
691
692
694
695
695
695
697
697
697
698
702
703
704
705
706
707
707
708
708
709
710
711
714
714
715
715
716
716
717
717
720
720
720
724
724
725
727
727
728
728
729
730
731
731
733
733
734
734
735
737
738
739
741
742
745
745
745
746
746
747
747
748
750
751
751
753
753
753
754
754
763
767
767
767
769
770
773
774
774
776
777
777
778
778
779
779
780
780
781
785
785
785
786
787
789
789
789
790
791
793
794
795
795
795
800
801
801
801
804
804
804
805
807
809
809
810
811
812
813
813
814
814
815
816
817
817
817
818
819
820
821
823
823
824
824
824
824
825
825
826
830
832
833
834
834
836
836
838
838
840
842
844
845
845
846
846
847
849
849
850
851
851
851
852
853
854
854
857
857
859
860
860
860
861
862
863
864
865
866
867
868
869
869
869
870
871
873
878
879
880
883
884
885
886
887
887
887
891
892
892
895
895
895
896
896
897
899
901
901
903
904
905
908
908
908
909
909
910
910
912
912
912
912
914
914
914
914
915
915
916
918
918
919
922
922
922
926
926
928
931
931
933
934
934
934
936
939
940
941
942
944
944
945
945
945
948
950
950
952
952
953
953
954
954
955
957
957
958
958
959
959
960
961
962
963
964
964
965
966
966
967
970
971
972
975
975
976
976
979
980
980
980
981
981
983
983
984
986
986
986
987
987
987
991
992
992
992
993
995
995
995
997
998
999
