0
0
0
2
2
2
4
4
7
8
11
12
15
16
16
17
17
18
18
18
19
22
22
24
24
25
26
26
27
27
28
29
30
32
34
34
34
36
37
38
39
41
41
41
41
42
42
42
45
45
45
47
49
51
52
52
53
53
54
54
54
56
57
59
59
59
62
64
66
66
67
67
69
70
72
77
78
78
79
80
83
83
85
85
86
86
86
87
87
87
89
91
92
93
98
102
103
103
104
105
107
107
108
109
109
110
112
113
115
115
116
117
118
118
119
119
121
121
122
123
125
125
125
125
126
128
130
130
130
132
132
133
133
133
137
137
139
139
140
141
141
144
144
145
148
154
157
157
158
159
159
159
160
161
161
165
168
171
172
173
173
174
175
175
177
177
178
179
180
181
183
183
184
186
187
187
188
189
190
191
193
194
194
195
195
196
196
198
198
199
200
201
202
204
206
207
207
208
208
209
211
213
213
214
214
214
215
215
216
217
217
217
217
219
220
220
220
220
221
222
222
222
223
224
224
224
224
227
228
229
230
232
232
233
238
238
239
239
240
240
242
243
243
245
248
249
249
249
250
252
253
254
254
254
254
256
257
258
258
260
260
261
264
264
265
266
267
267
268
269
269
270
271
271
271
275
279
282
282
283
285
289
289
290
290
291
291
291
293
293
293
296
299
299
300
301
303
304
305
306
307
309
314
316
316
316
316
320
320
321
322
322
323
324
324
324
327
328
329
332
333
334
335
335
335
336
336
337
339
341
341
342
342
343
343
346
347
347
348
348
349
350
352
354
354
359
359
361
361
361
362
362
363
363
363
364
367
369
372
372
372
373
373
374
374
374
374
375
377
378
378
380
380
381
381
383
383
384
385
386
386
387
387
388
388
389
391
391
392
392
393
394
394
395
396
396
400
400
400
401
401
402
403
404
405
406
406
406
410
412
415
416
416
418
419
421
421
421
422
425
426
428
428
430
431
431
431
433
433
434
435
437
437
439
441
446
447
447
449
450
451
455
456
457
457
459
460
461
461
462
462
462
463
464
465
466
467
467
468
472
473
474
476
477
479
479
480
481
482
483
485
486
486
487
487
488
488
489
489
489
490
491
492
494
495
495
495
496
497
497
498
499
499
500
502
503
503
503
504
504
506
507
508
509
510
513
513
513
513
513
514
514
514
515
518
519
519
519
521
522
522
523
523
523
523
524
525
526
528
529
531
532
534
534
536
536
536
539
542
543
543
543
544
544
545
545
546
547
548
550
551
551
552
552
553
554
554
556
557
557
557
559
559
559
560
561
561
562
562
564
565
565
566
568
569
573
573
574
575
575
576
578
579
583
584
588
588
589
590
591
592
594
597
598
598
598
599
599
599
599
601
602
602
602
607
608
611
613
615
616
617
619
620
621
621
622
624
626
627
630
630
631
631
632
633
634
634
636
636
637
639
639
642
642
646
647
647
648
649
649
650
650
652
653
653
653
654
654
654
657
658
658
659
661
662
662
665
666
666
666
666
668
671
672
673
673
673
674
675
675
676
677
677
678
678
679
679
680
680
681
681
685
686
686
686
686
686
688
688
688
689
695
696
696
699
705
706
706
707
707
708
708
708
709
709
710
711
711
714
714
715
716
717
718
718
718
719
719
720
720
721
722
723
724
725
726
727
727
729
730
730
730
730
731
732
732
733
735
735
735
735
738
739
741
742
744
747
747
748
748
748
749
749
750
752
754
757
757
758
759
760
764
765
766
766
766
766
767
768
768
769
771
772
772
774
775
775
775
776
777
778
779
779
781
781
782
782
783
783
784
784
784
789
789
789
791
792
795
795
795
796
796
797
799
799
799
800
800
801
802
803
803
808
810
811
812
814
815
815
816
816
817
817
817
818
819
819
821
821
822
824
829
829
832
833
834
834
834
836
836
839
842
844
845
846
846
847
848
848
849
849
851
851
852
852
853
853
856
857
858
859
860
860
860
862
863
864
866
866
868
868
868
872
872
873
873
873
873
874
879
880
881
882
882
882
882
883
886
886
886
892
892
892
894
894
894
895
896
896
897
897
897
898
899
900
901
901
901
903
903
904
904
905
906
908
908
909
909
910
910
912
913
915
917
917
919
919
920
922
926
927
928
928
928
928
929
929
930
933
933
937
937
937
940
940
940
940
942
943
944
944
945
946
947
947
948
949
950
951
951
952
952
953
954
955
956
956
957
958
959
963
965
966
966
967
970
973
975
979
980
980
980
981
983
983
984
985
986
986
988
989
991
992
993
994
994
995
996
996
997
