0
2
3
3
4
4
5
5
5
6
7
7
10
11
11
11
13
14
17
17
20
20
23
23
23
24
24
26
26
26
27
30
31
33
33
35
36
36
37
39
39
39
39
41
45
45
46
46
47
47
47
50
51
52
52
52
53
54
56
60
62
62
65
65
65
66
66
66
66
68
71
71
73
74
74
76
76
77
78
78
82
84
85
85
86
86
87
88
89
89
90
91
94
95
97
99
100
101
105
105
106
106
108
108
108
110
110
116
116
117
117
117
120
120
120
122
123
123
124
125
129
129
129
129
130
131
132
134
134
135
136
136
137
137
139
139
140
141
142
143
144
146
146
147
148
149
149
150
151
153
153
154
155
155
155
157
157
158
159
161
162
162
163
164
165
165
166
166
171
171
171
172
173
175
175
176
177
177
181
182
183
184
185
186
186
190
190
193
195
195
197
197
198
199
200
201
203
204
204
205
205
206
208
211
212
212
213
214
214
216
217
218
219
219
219
220
220
225
227
227
228
229
230
230
231
231
232
234
235
238
239
239
240
241
241
242
244
245
245
249
250
250
250
252
253
254
254
258
259
263
264
266
267
269
271
271
271
271
272
272
275
277
277
279
281
283
283
284
284
286
287
287
287
287
287
290
294
294
295
295
296
297
297
298
298
298
301
302
302
304
304
304
305
305
306
308
308
308
309
311
311
311
312
312
314
315
316
316
317
317
319
319
320
322
323
325
325
325
326
326
326
327
328
329
329
330
333
333
334
335
335
336
338
340
340
340
342
342
344
345
346
347
349
349
349
350
350
350
351
353
354
358
360
360
365
366
367
370
371
372
372
372
373
374
374
376
376
377
378
380
380
381
383
383
383
384
384
384
385
386
387
389
389
390
390
390
390
392
392
393
398
399
401
403
405
407
408
411
411
416
421
421
422
422
423
424
424
425
425
425
425
426
427
428
428
428
429
431
431
432
434
435
437
438
440
440
445
445
448
448
449
449
449
450
450
451
451
452
453
453
455
457
457
458
460
460
463
464
464
469
470
471
474
474
475
476
476
478
478
479
481
481
483
484
484
486
487
487
488
488
490
490
490
492
492
494
495
495
496
496
499
499
500
500
501
502
502
503
503
503
504
504
508
511
511
512
512
513
515
515
516
516
517
517
518
520
521
523
524
525
527
527
532
533
533
534
536
539
542
546
546
547
548
548
548
549
550
551
552
552
552
555
555
557
558
558
559
561
565
565
566
566
571
573
573
574
576
576
576
578
578
578
579
579
580
580
580
580
582
582
584
585
585
585
587
588
588
589
590
591
591
592
593
594
594
595
598
598
599
600
601
601
604
605
605
605
605
605
605
608
608
608
608
609
610
610
611
612
613
615
616
616
617
617
619
620
621
622
622
622
622
623
625
625
626
628
629
629
631
632
632
632
633
634
634
634
634
637
639
640
640
640
641
642
648
650
650
651
655
657
657
658
659
661
664
670
670
672
672
673
674
674
677
678
679
680
681
682
682
682
683
683
685
685
686
686
687
693
693
697
699
699
700
702
702
704
708
709
711
711
711
713
713
713
714
715
716
718
718
721
723
724
724
725
729
731
731
732
735
736
738
738
739
739
740
742
743
744
744
745
747
749
750
750
752
752
754
754
755
756
757
757
757
757
758
760
762
762
762
763
765
766
766
767
767
769
770
770
770
771
772
772
772
773
773
773
774
774
774
776
776
777
777
778
778
778
780
782
783
783
784
785
785
785
785
785
786
787
788
788
789
789
789
790
791
791
791
792
792
793
794
795
796
796
797
797
797
798
798
798
802
803
803
803
805
806
807
808
809
809
810
811
811
812
813
813
815
815
815
819
819
819
820
822
824
824
825
826
827
827
828
832
833
833
833
834
835
837
837
839
840
841
843
843
845
845
845
845
845
849
850
851
851
851
851
851
852
854
855
855
856
857
858
860
861
861
863
863
865
865
866
866
867
868
868
871
871
872
874
874
874
877
878
879
880
882
882
884
885
885
887
887
888
888
889
889
889
890
890
891
892
893
893
894
898
900
900
900
902
904
904
905
906
906
906
907
911
912
912
913
916
917
921
922
924
924
924
926
927
930
930
931
932
932
934
934
937
939
939
940
940
941
941
942
942
944
945
946
947
948
949
949
950
950
950
951
951
953
954
955
955
955
956
956
957
957
958
958
958
958
960
960
960
961
961
963
964
965
966
966
966
967
969
969
969
970
970
972
973
974
975
975
979
981
981
982
982
983
984
987
987
988
988
991
992
992
993
994
994
997
