190
326
916
150
809
981
220
235
657
974
828
511
743
889
421
951
682
527
578
634
14
552
789
657
230
820
238
786
592
585
66
51
89
478
426
182
981
699
432
877
576
33
284
904
724
582
595
116
153
548
747
129
867
228
785
547
39
264
861
512
311
515
966
785
383
552
979
431
463
365
106
565
219
874
7
387
625
151
108
305
600
548
685
26
279
612
648
342
819
46
474
411
924
587
123
295
608
585
502
323
832
437
354
819
512
622
843
566
792
139
845
576
216
894
783
372
372
765
101
373
770
390
376
39
912
424
760
254
271
813
714
123
425
851
319
900
205
608
704
219
860
615
539
922
965
640
206
874
757
762
89
697
445
611
629
416
250
902
305
322
314
578
448
750
245
457
715
882
573
805
175
573
772
134
839
711
605
762
469
401
360
298
632
438
865
241
890
616
948
500
622
455
478
421
217
792
116
815
811
309
46
328
26
750
173
131
622
245
263
954
304
946
171
861
367
502
144
984
45
325
460
302
71
521
175
349
771
843
900
30
62
911
272
487
476
10
117
294
982
681
871
6
316
788
45
958
271
857
994
158
164
584
620
384
383
249
65
934
517
788
950
250
623
244
969
580
26
951
770
890
769
508
336
905
778
304
650
578
622
271
808
608
325
287
756
403
605
802
812
317
776
449
772
900
885
208
735
20
580
11
13
515
888
591
561
807
490
687
5
924
39
428
511
136
819
956
813
503
504
275
148
384
940
960
516
777
157
308
942
140
955
525
231
129
229
827
23
673
149
47
598
241
60
520
939
931
605
856
700
565
253
803
171
470
177
494
445
342
308
186
992
777
874
283
815
486
333
932
784
312
773
885
316
383
458
162
47
912
683
871
950
837
973
135
551
757
774
23
686
803
431
960
165
693
699
27
297
752
608
4
501
785
476
378
576
670
132
78
574
888
546
120
302
66
326
137
849
3
773
632
621
882
713
524
767
252
969
732
949
290
934
983
755
533
423
927
605
932
913
308
633
31
329
195
906
579
450
389
52
17
11
448
872
376
471
411
333
36
599
287
625
709
518
661
782
975
834
655
147
220
347
693
778
579
557
23
122
766
588
970
672
492
177
212
634
988
50
716
407
390
613
858
940
380
380
966
619
503
129
651
389
754
628
634
297
837
449
674
866
827
594
94
757
68
739
937
350
845
955
2
904
54
889
399
319
744
335
686
286
100
702
272
219
742
457
172
791
492
214
427
851
90
822
311
736
674
225
425
66
35
91
269
850
120
84
723
972
930
967
640
558
335
757
898
906
449
589
199
961
287
7
176
725
33
338
713
440
37
605
582
677
166
358
204
776
183
500
731
296
762
754
5
793
424
558
598
481
670
117
774
682
62
370
766
926
993
845
372
997
880
146
604
789
146
149
780
259
11
184
230
254
326
987
53
86
683
155
239
287
672
422
810
921
143
658
650
593
889
891
74
797
787
724
680
865
609
298
366
854
809
484
917
86
975
139
702
277
198
428
17
350
311
435
958
949
616
346
298
815
181
713
957
955
778
398
729
95
451
739
422
490
718
884
659
548
24
580
758
374
966
958
811
481
159
555
924
631
640
617
982
65
425
731
479
855
165
958
56
231
87
330
304
350
785
516
790
549
408
945
893
450
841
533
711
992
794
950
744
76
798
664
434
785
774
580
360
129
610
960
334
797
193
52
634
82
490
117
453
39
833
185
47
588
460
678
124
682
863
825
130
988
495
20
566
154
110
772
327
845
941
392
994
186
240
250
571
947
851
552
195
105
803
85
887
796
887
629
863
0
212
783
320
155
487
110
770
906
767
868
855
892
349
214
745
475
452
795
166
483
833
425
312
120
405
73
591
141
351
377
99
36
953
499
161
944
386
315
504
555
559
826
740
340
496
97
464
317
190
52
617
66
88
211
393
385
488
353
610
371
907
866
711
136
546
271
941
157
513
930
523
108
484
390
752
242
503
534
213
835
789
384
542
773
232
295
464
440
428
738
258
203
277
824
796
738
852
227
961
201
77
824
344
71
488
451
153
763
171
155
798
125
791
845
991
267
205
833
340
963
969
517
590
329
390
851
301
641
939
106
474
294
162
142
749
239
601
108
284
197
594
3
281
957
74
306
429
227
200
197
879
585
797
283
496
970
868
642
840
601
987
550
685
639
325
708
78
345
163
893
637
495
137
287
679
942
532
964
527
536
956
24
605
721
234
806
392
791
5
851
798
381
374
204
632
65
453
266
878
349
76
134
340
218
718
499
626
85
105
41
4
