394
280
227
147
743
158
186
640
421
93
514
431
984
807
985
146
423
312
685
843
853
556
556
231
344
614
790
702
104
770
708
618
229
584
749
329
748
362
726
235
23
48
537
769
346
31
395
538
306
499
420
454
744
658
455
775
227
798
253
868
883
75
264
838
881
464
541
820
921
288
602
851
910
169
966
751
44
650
543
239
58
431
229
657
379
887
142
139
550
159
918
552
682
965
799
59
752
123
831
410
384
950
496
209
838
132
669
894
65
622
827
429
815
879
863
181
41
549
852
564
450
38
170
837
168
526
511
67
53
783
758
322
717
67
504
585
454
147
823
741
259
436
597
976
220
527
139
15
519
256
805
69
272
469
143
661
351
429
91
358
851
449
816
330
965
583
470
129
155
620
398
135
401
818
784
124
975
11
725
785
329
372
157
590
26
67
937
669
565
134
554
661
629
837
507
617
911
533
272
325
200
156
376
508
631
771
524
172
837
913
686
269
316
320
209
935
717
447
305
542
437
934
758
341
587
277
499
320
351
212
184
617
279
196
90
74
673
676
722
624
485
689
762
729
431
400
620
702
603
445
90
913
485
614
131
670
666
746
958
629
883
961
62
226
849
83
329
764
519
992
226
718
470
220
382
367
835
8
410
615
336
140
92
79
910
840
490
556
798
857
306
402
787
301
237
77
871
680
963
556
515
633
901
108
257
986
633
608
189
28
261
380
757
502
882
486
3
6
129
630
234
104
447
32
924
932
124
995
390
638
916
734
573
276
747
607
233
886
647
862
265
192
912
361
671
201
170
137
868
178
18
978
705
901
107
729
973
573
841
453
348
694
867
349
890
102
545
12
165
248
321
906
4
567
220
219
129
197
679
742
556
203
188
256
637
307
974
772
163
597
301
162
828
785
549
977
571
936
293
183
257
777
938
852
257
820
604
636
703
264
486
377
464
279
335
770
655
641
636
332
567
866
830
510
281
268
84
294
249
939
795
910
367
28
306
12
618
382
418
210
244
910
7
217
436
374
346
988
788
856
816
440
374
317
875
477
125
491
361
790
357
933
160
524
795
54
30
100
591
304
571
835
646
808
634
10
123
812
676
315
477
781
520
336
249
791
951
366
432
454
69
544
118
850
429
826
558
827
926
263
313
453
923
145
16
117
586
799
298
936
898
319
316
667
963
620
398
842
53
722
849
933
128
419
63
8
598
13
464
929
622
274
484
19
729
898
278
34
803
411
662
224
966
550
440
750
244
800
328
80
486
182
94
199
713
566
889
443
274
531
52
64
141
793
113
916
643
730
594
437
662
345
326
110
558
916
423
152
421
739
951
19
141
474
69
325
599
900
806
257
564
516
101
9
794
535
771
444
796
939
86
95
367
240
779
197
742
733
910
967
90
789
422
248
293
108
33
466
697
101
496
648
567
626
352
742
617
936
69
328
569
331
602
380
948
517
342
333
872
435
786
939
327
35
605
44
535
579
122
940
861
262
412
648
419
735
82
146
13
403
340
470
200
760
257
955
643
648
764
636
536
927
410
93
496
819
888
265
319
434
635
485
595
453
337
227
308
689
576
69
588
38
909
16
530
764
239
782
697
409
725
519
483
488
669
269
733
812
90
950
930
181
757
308
459
186
603
524
292
224
391
562
790
984
857
49
778
913
217
321
715
661
759
528
711
255
952
449
704
172
776
717
380
137
215
37
163
752
395
444
127
146
375
612
691
305
354
817
359
677
382
449
172
870
221
545
963
977
35
634
757
618
379
397
227
900
669
750
183
292
567
556
693
529
529
866
658
813
640
981
760
97
30
726
966
744
396
392
53
725
8
678
899
703
984
46
11
959
877
839
303
883
566
731
164
72
223
527
79
830
418
978
695
590
127
106
713
67
217
485
657
446
357
367
227
169
547
308
805
227
690
590
209
403
981
227
543
228
301
876
147
255
952
835
766
521
110
716
603
59
858
176
172
307
60
604
627
684
33
134
585
469
550
532
132
41
805
610
635
301
979
778
341
134
28
890
491
705
616
836
476
941
527
618
189
661
330
506
821
852
801
31
335
939
903
434
186
691
11
750
719
100
562
274
680
183
662
677
380
472
419
285
780
861
300
660
492
543
855
172
476
283
565
898
634
951
645
716
479
130
355
463
564
806
822
286
124
659
393
847
224
223
681
728
648
252
183
241
124
819
400
603
302
745
259
396
679
622
839
55
554
581
853
728
848
865
220
940
999
833
823
642
208
223
768
116
498
4
260
323
894
326
605
548
983
883
383
85
193
32
