3
4
4
6
7
8
8
8
9
10
11
11
11
12
12
13
13
15
16
16
18
19
19
23
26
28
28
28
30
30
31
31
32
32
33
33
34
35
35
37
38
38
41
41
44
44
46
48
49
52
53
53
53
54
55
58
59
59
60
62
63
64
65
67
67
67
67
69
69
69
69
69
72
74
75
77
79
79
80
82
83
84
85
86
90
90
90
90
91
92
93
93
94
95
97
100
100
101
101
102
104
104
106
107
108
108
110
110
113
116
117
118
122
123
123
124
124
124
124
125
127
127
128
129
129
129
130
131
132
132
134
134
134
135
137
137
139
139
140
141
141
142
143
145
146
146
146
147
147
147
152
155
156
157
158
159
160
162
163
163
164
165
168
169
169
170
170
172
172
172
172
172
176
178
181
181
182
183
183
183
183
184
186
186
186
188
189
189
192
193
196
197
197
199
200
200
201
203
208
209
209
209
210
212
215
217
217
217
219
220
220
220
220
221
223
223
223
224
224
224
226
226
227
227
227
227
227
227
227
228
229
229
231
233
234
235
237
239
239
240
241
244
244
248
248
249
249
252
253
255
255
256
256
257
257
257
257
257
259
259
260
261
262
263
264
264
265
265
268
269
269
272
272
274
274
274
276
277
278
279
279
280
281
283
285
286
288
292
292
293
293
294
298
300
301
301
301
301
302
303
304
305
305
306
306
306
307
307
308
308
308
312
313
315
316
316
317
319
319
320
320
321
321
322
323
325
325
326
326
327
328
328
329
329
329
330
330
331
332
333
335
335
336
336
337
340
341
341
342
344
345
346
346
348
349
351
351
352
354
355
357
357
358
359
361
361
362
366
367
367
367
367
372
374
374
375
376
377
379
379
380
380
380
380
382
382
382
383
384
390
391
392
393
394
395
395
396
396
397
398
398
400
400
401
402
403
403
409
410
410
410
411
412
418
418
419
419
419
420
421
421
422
423
423
429
429
429
431
431
431
432
434
434
435
436
436
437
437
440
440
443
444
444
445
446
447
447
449
449
449
450
453
453
453
454
454
454
455
459
463
464
464
464
466
469
469
470
470
470
472
474
476
476
477
477
479
483
484
485
485
485
485
486
486
486
488
490
491
491
492
496
496
496
498
499
499
502
504
506
507
508
510
511
514
515
516
517
519
519
519
520
521
524
524
524
526
527
527
527
528
529
529
530
531
532
533
535
535
536
537
538
541
542
543
543
543
544
545
545
547
548
549
549
550
550
550
552
554
554
556
556
556
556
556
556
558
558
562
562
564
564
564
565
565
566
566
567
567
567
567
569
571
571
573
573
576
579
581
583
584
585
585
586
587
588
590
590
590
591
594
595
597
597
598
599
602
602
603
603
603
603
604
604
605
605
607
608
610
612
614
614
615
616
617
617
617
618
618
618
618
620
620
620
622
622
622
624
626
627
629
629
630
631
633
633
634
634
634
635
635
636
636
636
637
638
640
640
641
642
643
643
645
646
647
648
648
648
648
650
655
657
657
658
658
659
660
661
661
661
661
662
662
662
666
667
669
669
669
669
670
671
673
676
676
677
677
678
679
679
680
680
681
682
684
685
686
689
689
690
691
691
693
694
695
697
697
702
702
703
703
704
705
705
708
711
713
713
715
716
716
717
717
717
718
719
722
722
725
725
725
726
726
728
728
729
729
729
730
731
733
733
734
735
739
741
742
742
742
743
744
744
745
746
747
748
749
750
750
750
751
752
752
757
757
757
758
758
759
760
760
762
764
764
764
766
768
769
770
770
771
771
772
775
776
777
778
778
779
780
781
782
783
784
785
785
786
787
788
789
790
790
790
791
793
794
795
795
796
798
798
799
799
800
801
803
805
805
805
806
806
807
808
812
812
813
815
816
816
817
818
819
819
820
820
821
822
823
823
826
827
827
828
830
830
831
833
835
835
835
836
837
837
837
838
838
839
839
840
841
842
843
847
848
849
849
850
851
851
852
852
852
853
853
855
856
857
857
858
861
861
862
863
865
866
866
867
868
868
870
871
872
875
876
877
879
881
882
883
883
883
883
886
887
888
889
890
890
894
894
898
898
898
899
900
900
901
901
903
906
909
910
910
910
910
910
911
912
913
913
913
916
916
916
918
921
923
924
926
927
929
930
932
933
933
934
935
936
936
936
937
938
939
939
939
939
940
940
941
948
950
950
951
951
951
952
952
955
958
959
961
963
963
963
965
965
966
966
966
967
973
974
975
976
977
977
978
978
979
981
981
983
984
984
984
985
986
988
992
995
999
