660
752
742
101
180
832
341
340
626
961
139
153
313
287
390
378
718
949
234
570
564
249
514
462
430
501
224
448
267
655
314
688
633
60
534
222
730
188
830
502
840
487
632
477
94
572
926
620
210
968
47
133
33
65
414
517
74
862
434
47
341
615
84
712
867
39
293
284
133
942
857
290
811
52
335
294
778
897
961
488
725
53
406
393
533
989
444
946
929
412
844
528
840
692
67
449
492
13
219
993
562
956
510
109
69
458
63
148
582
996
438
712
376
429
125
57
869
277
209
934
62
350
955
138
570
397
271
585
377
261
549
707
819
146
465
614
572
339
890
289
78
988
222
820
208
389
145
106
20
267
839
274
395
481
450
138
96
192
496
742
333
151
565
427
456
849
616
452
376
350
263
449
590
934
393
801
279
871
895
447
60
149
399
832
492
989
844
526
51
99
512
269
300
220
650
117
717
330
29
264
968
611
306
417
10
627
464
82
27
524
903
970
575
185
94
483
747
679
159
930
288
873
260
678
113
443
582
50
201
67
212
868
70
163
409
134
429
555
988
305
711
587
322
940
800
311
436
884
127
62
482
23
640
167
647
539
178
164
311
497
647
406
18
190
170
947
384
660
640
259
862
815
764
586
685
979
477
420
545
831
234
561
802
210
412
563
921
282
69
373
412
848
180
760
266
657
83
202
231
895
529
136
947
406
671
240
193
756
662
803
273
981
201
60
678
289
709
81
667
354
748
364
871
540
906
136
638
277
236
327
949
503
128
230
614
250
412
186
960
458
525
641
916
890
296
703
302
637
779
708
394
620
773
320
352
807
914
166
622
980
649
738
417
962
617
774
760
356
479
34
661
581
246
637
345
303
363
684
354
716
445
803
261
620
517
236
620
903
993
714
750
233
588
332
387
977
414
184
237
951
790
846
269
443
462
388
925
936
77
955
176
392
150
206
563
413
291
310
528
447
192
810
927
303
295
429
736
155
322
713
870
653
273
781
566
990
577
384
454
385
248
95
704
819
863
858
128
546
279
225
158
55
565
148
500
928
997
206
892
2
120
570
399
405
891
810
443
925
944
404
49
477
562
446
720
737
625
345
424
823
861
335
442
572
651
233
101
585
205
194
933
247
138
943
103
298
363
224
208
875
140
935
888
577
169
879
899
94
921
155
855
607
537
807
327
463
318
624
467
263
470
106
787
518
789
166
190
805
151
220
372
838
865
136
135
560
121
938
235
177
587
6
531
705
954
902
741
889
289
932
923
264
635
279
884
77
132
358
250
200
719
202
855
779
240
877
570
803
838
684
692
891
655
222
474
77
186
745
907
123
517
708
170
567
999
956
56
321
295
63
691
135
316
826
676
402
359
604
408
368
927
350
558
289
731
765
6
436
108
676
277
691
675
319
520
785
722
914
796
57
895
488
932
921
741
218
23
832
243
424
774
266
960
627
613
748
212
202
637
943
658
342
756
772
238
257
271
374
60
556
634
240
397
706
188
331
198
988
495
130
582
874
923
949
875
101
355
388
382
75
344
716
185
870
762
867
299
626
760
917
183
196
348
160
712
625
556
321
155
56
272
204
719
966
578
741
278
342
233
684
356
47
530
371
262
694
232
609
222
665
11
148
452
341
827
650
83
556
68
895
551
678
16
10
874
21
267
139
307
759
319
510
431
998
774
976
75
496
335
373
578
349
447
605
396
934
7
547
343
570
785
330
270
780
290
280
654
362
110
492
509
783
936
334
970
458
424
558
341
885
800
646
478
925
98
782
803
449
603
433
958
828
913
63
583
136
223
241
881
277
440
252
837
415
657
646
844
313
518
751
645
862
271
380
421
176
21
746
579
211
370
657
449
389
607
655
100
505
529
47
328
534
482
545
385
960
273
541
165
912
902
948
232
156
956
175
785
240
948
742
922
148
195
814
580
844
727
803
666
942
968
941
218
539
845
176
823
413
826
761
15
533
93
336
256
668
185
276
926
657
937
210
641
505
167
681
172
152
843
853
640
749
314
420
927
419
308
325
85
894
673
232
956
482
958
407
133
385
551
458
523
4
271
161
721
574
239
98
567
545
69
679
474
833
840
451
747
421
267
432
381
104
35
570
575
591
754
592
23
29
338
702
851
493
494
126
941
725
663
630
620
803
535
514
598
549
65
793
720
383
301
333
479
717
665
76
639
417
227
147
351
175
985
771
869
353
678
425
449
293
805
579
179
793
166
85
636
913
858
286
302
61
688
859
639
38
274
308
518
285
333
115
378
912
948
37
94
999
743
35
