0
1
2
3
4
5
7
7
8
8
9
9
10
11
11
13
13
14
15
18
18
19
25
26
26
29
30
31
31
31
32
33
35
36
37
39
40
41
41
43
44
45
50
51
52
53
53
55
56
57
57
59
61
61
62
64
70
70
70
71
73
75
75
77
80
81
83
85
88
88
89
90
92
95
96
96
97
97
98
98
99
101
101
101
105
105
113
114
118
121
122
122
127
128
129
130
133
133
134
134
136
137
138
138
139
139
139
141
142
142
143
143
144
144
146
147
148
150
150
150
152
153
154
154
154
154
155
155
156
157
158
158
160
160
162
162
163
164
164
164
164
164
165
165
165
166
166
166
167
167
167
168
169
170
171
172
174
174
174
174
176
177
178
178
181
183
184
184
184
185
185
186
186
189
190
192
193
194
194
194
197
197
198
199
200
202
205
205
207
208
208
208
211
211
211
211
212
212
214
214
214
215
216
216
217
218
219
219
219
219
220
220
221
221
223
223
224
227
228
229
229
231
232
233
234
235
237
239
239
240
241
242
242
242
243
243
243
244
244
247
249
249
251
253
254
254
255
255
255
257
258
258
259
264
265
266
267
267
269
270
270
270
271
272
275
277
278
278
279
280
281
285
285
287
287
288
288
288
289
289
289
290
290
290
290
292
292
294
295
295
295
297
297
297
299
300
300
301
301
303
303
304
306
306
307
307
308
308
309
309
310
311
312
316
316
317
321
321
321
321
321
321
322
324
326
326
329
330
331
331
332
332
336
337
337
339
339
340
341
342
343
345
345
345
347
347
347
351
351
352
352
353
354
354
355
356
357
357
359
359
360
361
362
363
365
366
366
366
367
368
369
370
370
370
372
373
374
376
377
377
378
378
379
381
381
382
382
384
385
387
389
389
389
395
395
396
397
398
398
401
404
404
407
407
407
407
408
408
409
412
413
413
414
415
415
415
416
416
418
419
422
423
423
423
425
425
427
428
428
430
430
430
431
431
433
434
436
436
437
437
438
441
442
442
442
443
443
444
444
444
445
446
448
451
452
452
452
453
454
456
457
457
459
460
464
465
466
469
470
470
472
473
475
475
477
481
481
481
481
482
483
483
484
484
485
485
485
487
488
488
490
490
493
494
494
495
496
498
499
502
502
505
505
506
508
509
510
512
514
516
516
518
519
519
520
521
521
521
522
523
523
525
525
525
526
526
526
526
527
530
531
532
533
533
534
534
534
535
536
536
536
538
539
540
541
541
543
544
548
548
549
550
552
553
553
554
555
555
556
557
560
561
562
562
562
562
562
565
565
566
566
566
568
570
572
573
573
574
577
577
578
580
581
581
584
585
589
590
592
592
596
597
597
598
599
601
601
603
603
605
606
606
607
608
608
609
611
612
613
613
616
617
618
619
623
625
626
626
626
626
628
630
632
633
635
635
635
640
641
641
641
643
644
647
647
649
649
651
652
652
652
653
653
655
655
657
657
658
658
659
661
663
666
667
668
669
669
669
671
672
674
674
676
677
678
678
679
680
681
681
683
683
684
686
686
687
688
688
695
695
698
699
699
700
702
703
703
704
705
705
705
705
706
708
709
709
709
710
710
711
711
714
714
716
716
717
720
720
720
720
722
722
722
722
723
725
725
725
728
729
729
731
737
738
738
738
741
742
743
744
746
746
747
747
749
752
756
757
760
760
763
763
764
764
768
769
771
771
771
771
772
772
774
775
776
776
778
780
780
781
782
782
783
783
784
787
787
788
788
788
790
790
790
791
791
793
794
796
797
797
797
798
798
800
800
800
801
805
805
806
806
806
809
809
809
810
810
811
811
817
819
820
821
821
822
824
828
829
829
830
831
831
831
832
832
832
833
833
834
834
835
836
839
840
841
841
843
843
843
843
847
848
848
849
852
852
853
853
853
855
855
856
859
859
863
864
864
865
865
865
867
867
867
867
868
869
869
870
871
872
872
872
873
874
876
877
877
878
879
880
880
881
883
885
887
887
888
890
893
894
894
894
895
896
896
896
898
898
898
898
899
900
900
900
901
901
903
905
906
907
908
911
911
913
915
915
916
917
917
918
922
924
924
925
925
926
926
927
929
929
931
931
931
932
932
935
935
937
937
937
939
942
943
944
944
944
945
946
947
949
951
953
954
954
954
954
955
956
957
958
959
960
961
961
961
962
962
963
964
964
964
965
966
966
966
969
969
971
973
973
974
974
977
977
979
979
979
980
980
980
980
983
985
985
986
989
989
990
990
990
991
992
992
993
993
995
995
995
996
999
