1
6
7
8
8
9
10
14
14
15
19
21
21
24
25
26
26
26
26
27
27
29
29
34
34
35
36
37
38
39
39
40
40
43
44
45
45
47
50
52
53
53
55
55
56
57
57
57
58
58
59
61
63
64
64
66
69
69
70
70
72
72
74
75
75
75
76
76
78
79
79
80
81
82
85
86
86
86
86
86
87
87
87
89
90
91
91
92
92
92
92
93
95
96
97
98
99
99
104
106
106
107
108
108
110
110
112
113
114
114
115
116
117
117
119
119
121
122
123
124
126
127
127
127
128
129
129
130
130
131
132
132
132
133
135
136
137
140
140
142
142
142
143
143
144
147
147
148
148
150
151
153
153
154
155
156
158
158
159
160
163
164
164
165
166
166
167
167
167
168
168
170
171
173
173
173
174
175
175
176
177
180
182
182
183
183
184
185
185
186
187
187
189
189
190
191
192
193
194
195
197
197
198
198
198
198
199
200
205
206
207
207
208
211
215
216
216
216
217
218
220
222
224
225
226
227
227
228
234
234
234
236
240
241
241
248
250
254
255
255
256
257
257
257
257
258
258
261
262
262
262
263
264
264
264
264
265
265
266
267
268
270
271
272
275
276
279
279
280
282
282
283
287
288
291
291
292
294
297
297
299
300
300
301
302
302
303
303
305
307
307
309
309
310
311
312
312
313
314
315
316
316
318
318
319
319
319
323
323
324
324
325
327
331
331
331
331
332
332
333
336
337
338
338
340
340
341
341
342
345
347
348
348
348
349
349
349
350
351
352
352
352
354
355
357
359
360
360
360
361
361
361
363
363
364
364
365
365
368
369
369
370
371
374
375
376
377
379
381
382
382
383
383
384
385
386
386
386
386
387
388
389
389
389
390
391
392
392
393
393
394
395
398
400
401
401
404
405
407
410
411
411
412
412
413
414
418
419
420
421
421
424
425
425
426
426
427
428
428
429
429
432
432
433
433
434
435
436
437
440
440
442
444
445
446
446
447
447
449
450
451
452
452
453
454
459
459
460
461
462
464
469
470
471
474
474
474
476
477
477
477
481
481
481
482
482
484
484
485
487
487
489
489
491
493
493
495
495
495
496
496
496
496
498
499
499
500
504
504
504
505
505
505
506
506
508
510
510
510
510
511
517
518
519
520
520
521
522
522
527
527
527
528
529
529
530
530
530
531
531
532
532
534
535
538
540
540
540
541
541
543
544
544
545
546
547
547
548
549
549
552
552
553
555
556
557
558
558
560
561
562
564
565
565
567
572
572
574
575
577
579
581
583
584
585
586
588
588
589
591
595
596
596
597
597
598
599
602
605
606
609
609
610
612
613
616
616
616
617
617
619
619
620
622
623
624
624
625
627
627
627
628
629
630
632
632
634
636
637
639
639
640
641
641
642
646
646
650
651
651
653
653
655
658
660
661
662
663
664
664
666
667
667
668
668
668
671
671
671
671
672
672
673
675
676
676
677
678
678
678
679
680
680
680
681
681
682
683
684
684
686
687
687
688
689
689
690
692
692
693
694
694
694
694
695
696
697
697
699
699
701
701
703
706
706
706
708
709
709
710
711
712
712
712
713
714
714
719
720
720
722
722
723
723
724
724
728
728
729
729
730
731
732
733
733
733
733
733
733
734
735
736
737
737
737
737
737
738
738
738
740
740
744
744
745
745
746
747
747
748
749
749
750
750
750
750
751
753
754
755
757
758
759
759
761
761
761
762
762
763
763
765
765
765
766
766
766
767
767
768
768
769
770
770
771
771
772
775
776
776
776
777
777
777
778
780
781
781
781
782
784
788
788
789
790
790
792
793
794
794
795
796
796
797
797
798
799
804
806
807
807
808
808
810
811
811
812
814
814
814
816
816
817
818
819
820
821
821
823
823
824
825
825
825
825
825
826
826
827
828
828
830
832
832
833
833
834
835
840
841
841
842
843
843
845
848
849
851
851
851
852
853
855
856
859
860
861
861
864
865
869
870
871
871
871
871
873
874
874
874
875
875
876
877
877
877
877
878
879
879
879
880
881
881
882
883
884
885
885
890
890
893
893
901
902
903
903
906
908
909
909
910
910
912
913
914
915
915
917
919
919
919
920
922
922
923
923
923
923
924
925
926
929
932
933
935
935
936
937
937
938
939
939
939
939
940
940
940
942
942
945
946
947
951
952
953
954
954
955
956
957
958
960
960
962
962
962
963
964
965
965
965
966
966
966
968
971
972
972
974
976
978
978
978
982
983
984
985
986
987
989
989
990
991
991
993
994
996
998
999
