338
291
641
903
965
158
978
407
996
113
874
909
745
972
723
47
939
729
873
728
491
703
724
864
40
750
389
200
117
616
544
452
385
280
331
821
288
711
776
55
792
547
677
92
609
737
640
323
761
412
678
405
722
129
843
428
241
474
737
692
122
737
530
548
986
183
766
687
825
919
266
529
489
676
558
325
340
327
681
706
828
679
50
474
78
148
955
775
499
596
265
331
487
794
832
91
297
641
957
55
182
651
628
696
459
265
319
749
355
564
363
143
770
386
187
87
759
167
163
45
331
963
182
684
255
972
634
93
998
855
301
26
365
861
874
311
619
167
519
668
874
34
861
52
990
534
522
816
386
875
496
198
879
745
57
799
240
922
128
174
129
257
257
53
555
627
532
922
130
95
175
98
505
198
776
871
903
216
989
282
307
324
833
195
37
712
493
27
820
349
733
159
375
510
345
207
294
255
655
352
144
678
826
142
612
877
476
424
302
401
319
709
953
292
962
650
667
160
340
952
40
885
908
728
262
558
412
881
268
852
442
426
610
706
404
722
535
758
427
781
500
557
881
893
833
168
883
354
130
923
133
797
228
699
81
552
487
496
766
942
382
440
316
504
999
814
740
701
364
99
658
433
765
180
849
812
530
750
143
671
495
755
471
469
965
753
810
730
187
966
173
926
86
309
731
222
477
29
825
776
155
92
56
962
671
224
220
870
183
386
79
166
257
540
763
825
617
599
170
714
734
227
768
132
974
639
694
919
876
744
384
489
912
131
425
338
642
983
778
69
264
357
723
369
82
437
751
142
72
495
496
6
8
541
565
63
860
459
901
262
632
878
481
300
24
445
960
199
994
794
709
205
690
262
250
933
923
816
368
606
683
605
348
428
58
27
527
859
925
419
823
324
287
484
919
153
176
902
69
123
393
585
811
106
39
825
331
395
319
45
302
190
619
945
694
517
26
985
436
581
782
76
595
817
923
720
414
227
884
34
530
418
264
596
9
89
364
589
814
545
119
845
602
991
574
637
946
842
360
616
283
110
504
929
689
74
549
371
376
712
754
393
432
140
434
336
80
968
369
549
64
433
147
481
323
498
541
387
784
429
420
771
664
632
127
877
258
505
447
392
843
879
449
724
964
270
53
662
708
560
781
740
915
477
935
879
337
744
672
965
951
360
733
653
538
780
282
185
761
893
697
352
777
938
767
719
865
236
506
275
108
660
556
392
520
192
630
381
153
39
885
937
736
361
583
770
678
440
360
7
208
72
681
646
121
572
671
115
577
86
890
958
307
807
137
613
332
303
520
411
818
383
808
789
194
947
70
216
939
699
91
686
156
672
667
710
788
86
76
629
733
528
197
761
112
25
453
565
960
627
75
132
910
909
348
673
299
35
680
617
59
496
350
547
765
962
890
623
382
110
504
720
823
193
347
464
257
452
119
597
401
531
10
771
451
636
191
989
830
142
684
671
365
910
446
856
140
315
806
814
86
206
132
171
470
314
680
688
521
114
769
540
61
150
765
840
279
937
917
701
920
575
733
531
664
627
485
735
313
484
258
90
388
186
757
506
166
828
177
978
738
477
661
675
198
762
454
297
680
706
413
272
117
966
421
207
66
481
305
790
827
924
226
738
493
624
936
851
848
271
584
527
851
126
588
737
264
44
693
777
748
57
875
522
114
303
871
92
361
241
341
116
954
914
106
26
527
107
733
135
841
127
984
804
75
546
692
394
588
234
532
38
19
689
377
426
359
832
450
374
713
96
788
695
811
781
435
390
508
264
386
411
460
954
971
447
400
591
826
136
21
26
444
147
97
398
956
167
746
309
561
625
168
234
164
567
747
300
389
651
795
189
276
198
624
853
939
663
987
759
694
75
609
913
712
352
834
668
777
682
124
197
189
923
127
767
511
43
151
318
99
410
86
932
738
474
798
553
529
164
733
851
342
87
256
8
808
821
797
217
687
793
939
383
552
510
64
796
318
646
915
505
15
29
697
819
446
976
87
768
349
482
772
254
732
332
796
36
341
349
935
877
57
572
940
982
370
747
361
462
877
429
14
211
598
510
175
750
348
841
154
432
666
942
391
639
737
616
291
620
215
482
597
653
14
263
871
586
1
58
351
880
158
766
750
184
108
540
499
173
978
310
185
379
991
562
869
216
70
714
543
825
85
694
173
333
148
835
676
495
234
92
267
993
363
518
312
389
165
824
940
218
871
906
425
279
544
248
510
622
79
421
763
729
316
882
461
261
749
104
21
312
762
940
225
668
807
966
790
579
