814
839
781
806
978
12
438
676
958
242
954
871
293
667
336
539
11
67
778
473
782
827
546
110
89
924
740
283
514
892
999
585
265
0
795
406
102
50
366
481
551
64
769
241
448
904
593
804
347
853
771
192
281
860
646
279
451
673
937
469
885
952
504
574
460
550
40
185
401
602
470
134
300
721
645
414
173
678
21
650
132
739
483
445
292
727
92
101
254
412
622
20
715
912
766
299
14
602
412
108
910
908
449
644
105
896
367
795
998
681
370
30
488
257
479
380
853
587
72
482
870
598
98
569
963
204
261
758
315
592
625
349
570
666
181
14
225
585
487
170
841
17
579
863
940
577
668
133
633
648
961
500
203
224
706
852
450
596
339
535
808
902
259
174
239
924
806
117
228
807
289
216
161
228
63
416
253
421
961
965
779
117
701
58
566
92
286
191
148
43
603
444
395
126
23
600
508
585
420
427
102
143
435
42
698
841
202
896
687
644
206
50
822
840
910
991
140
241
611
777
121
596
664
80
270
288
335
107
55
780
715
662
988
555
875
244
335
146
855
437
303
685
372
449
189
975
145
733
314
972
415
83
62
181
114
828
793
528
555
828
377
917
468
846
500
275
980
173
981
30
43
359
352
846
348
711
249
401
527
86
29
154
193
763
596
292
558
658
452
200
255
810
282
761
116
151
366
591
576
207
489
955
977
828
522
894
834
497
73
281
131
108
585
382
121
218
29
552
425
218
604
259
608
511
329
301
483
990
31
902
660
892
662
371
569
788
30
229
454
955
660
309
207
783
508
477
190
49
324
29
99
54
840
242
323
462
826
667
818
372
833
611
931
274
711
782
48
32
781
928
106
730
232
566
895
372
561
249
375
813
20
390
222
645
13
618
802
529
365
141
286
460
575
890
319
11
92
893
788
710
448
923
561
409
135
356
805
167
887
394
965
146
729
843
664
817
89
456
715
414
862
837
157
614
478
295
69
846
327
771
145
132
823
390
725
525
71
462
218
9
450
592
640
203
849
286
313
527
215
274
854
330
271
435
977
434
27
510
786
347
567
986
528
772
801
550
660
943
250
195
412
451
397
291
680
679
160
606
499
475
657
345
568
656
925
141
977
293
398
634
304
969
918
721
523
79
63
522
778
371
225
808
351
172
696
465
366
454
739
944
868
197
81
149
907
466
916
38
500
879
609
45
110
767
330
62
233
929
594
371
397
30
784
226
110
929
60
659
819
491
582
845
688
176
61
679
921
803
975
164
928
924
94
241
87
311
296
274
539
756
154
408
617
485
310
729
452
908
148
509
160
260
602
576
286
13
279
715
525
645
256
66
829
161
36
247
180
183
937
705
193
773
364
727
375
985
201
127
956
314
94
164
271
416
860
693
137
568
372
230
32
148
5
67
883
137
940
341
100
770
242
973
226
943
887
14
794
165
530
880
309
820
75
164
622
531
43
314
835
501
702
696
539
316
54
932
840
254
851
553
397
43
786
361
838
35
565
139
24
537
428
709
592
304
246
346
839
654
633
669
452
938
899
870
426
337
119
678
413
558
547
838
561
964
852
739
479
485
642
551
311
388
108
43
866
71
188
455
71
929
752
631
687
299
667
383
987
845
67
350
935
487
158
539
162
929
819
351
556
165
995
837
149
77
840
350
424
557
287
632
400
785
55
611
907
786
957
126
509
88
276
256
704
556
516
549
554
613
134
628
455
908
436
871
1
404
898
865
415
613
252
445
957
537
950
268
108
919
763
221
840
698
654
696
64
873
519
18
314
508
677
751
916
958
854
723
616
657
871
771
505
945
72
824
401
314
914
888
67
267
833
888
611
847
248
299
136
48
709
629
981
957
864
990
498
337
0
757
452
816
924
662
495
466
377
317
308
295
89
816
7
936
174
524
10
820
677
147
180
731
685
147
45
813
69
617
1
546
153
27
432
962
459
928
430
965
212
159
53
466
433
286
871
724
52
153
554
656
844
490
439
995
897
677
286
821
675
380
9
952
982
225
38
46
21
994
776
343
917
396
298
394
350
424
298
907
154
73
222
17
343
691
477
987
488
326
273
626
244
535
120
221
794
864
258
22
810
932
36
49
121
668
165
34
720
175
220
493
282
935
973
617
58
181
573
986
727
443
160
863
311
607
97
248
309
496
780
16
228
277
77
286
585
170
331
283
761
903
914
173
24
385
302
566
108
772
427
257
567
40
357
563
498
968
707
699
213
635
87
84
695
958
514
368
611
393
422
309
292
1
229
918
568
885
726
854
389
384
824
30
